Lya       1215.6701 0.416400  6.265E8
HI1026    1025.7223 0.079120  1.897E8
HI972      972.5368 0.029000  8.126E7
HI950      949.7431 0.013940  7.640E7
HI938      937.8035 0.007799  4.423E7
HI931      930.7483 0.004814  1.236E7
HI926      926.2257 0.003183  8.249E6
HI923      923.1504 0.002216  5.782E6
HI921      920.9631 0.001605  4.208E6
HI919      919.3514 0.00120   3.158E6
HI918      918.1294 0.000921  2.430E6
HI917      917.1806 7.226e-4  1.910E6
HI916a     916.429  0.000577  1.529E6
HI916b     915.824  0.000469  1.243E6
HI915a     915.329  0.000386  1.024E6
HI915b     914.919  0.000321  8.533E5
HI915c     914.576  0.000270  7.186E5
HI914a     914.286  0.000230  6.109E5
HI914b     914.039  0.000197  5.237E5
HI914c     913.826  0.000170  4.523E5
HI914d     913.641  0.000148  3.933E5
HI913a     913.480  0.000129  3.443E5
HI913b     913.339  0.000114  3.030E5
HI913c     913.215  0.000101  2.679E5
HI913d     913.104  0.000089  2.382E5
HI913e     913.006  0.000080  2.127E5
HI913f     912.918  0.000071  1.907E5
HI913g     912.839  0.000064  1.716E5
HI913g     912.768  0.000058  1.550E5
HI913h     912.703  0.000053  1.405E5
HI913i     912.645  0.000048  1.277E5
HeI584     584.334  0.285000  2.000e8
HeI537     537.0296 0.0752    2.000e8
BeII1036a 1036.319  0.026730  1.788E8
BeII1036b 1036.299  0.053450  1.788E8
CI945      945.193  0.272600  6.783E8
CI1140    1139.793  0.013960  2.389e7
CI1156    1155.809  0.017250  2.870e7
CI1157    1157.186  0.549500  9.125E8
CI1158    1157.910  0.021780  3.612e7
CI1189    1188.833  0.016760  2.637E7
CI1193    1193.031  0.044470  1.302E8
CI1194    1193.996  0.009407  1.467E7
CI1261    1260.736  0.039370  1.868e8
CI1276    1276.483  0.004502  8.790E7
CI1277    1277.245  0.096650  2.590E8
CI1280    1280.135  0.024320  1.063E8        
CI1657    1656.928  0.140500  3.410e8     
CI*1656   1656.267  0.058570  3.415e8   
CI*1657   1657.379  0.035120  3.410E8   
CI*1658   1657.907  0.046810  3.408E8     
CI**1657  1657.008  0.105400  3.415E8   
CI**1658  1658.121  0.035110  3.410e8   
CII1335   1334.5323 0.1278    2.870e8   
CII1036   1036.3367 0.1231    2.290e9  
CII*1336a 1335.7077 0.1149    2.864e8  
CII*1336b 1335.6627 0.01277   2.870e8  
CII*1037  1037.0182 0.1230    2.290e9  
CIII977    977.020  0.7620    1.775E9   
CIV1548   1548.195  0.190800  2.654E8   
CIV1551   1550.770  0.095220  2.641E8   
NI1201    1200.7098 0.04423   4.093e8  
NI1200a   1200.2233 0.08849   4.097e8  
NI1200b   1199.5496 0.13280   4.104e8  
NI1135    1134.9803 0.04023   1.389e8  
NI1134a   1134.4149 0.02683   1.391e8  
NI1134b   1134.1653 0.01342   1.392e8  
NI965a     965.0413 0.005801  1.080e8  
NI965b     964.6256 0.01180   1.095e8  
NI964      963.9903 0.01837   1.128e8  
NII1084   1083.990  0.1031    3.508e8  
NII916     915.612  0.1449    1.151e9  
NIII998    989.799  0.106600  4.352e8   
NV1239    1238.821  0.157000  3.411e8   
NV1243    1242.804  0.078230  3.378e8    
OI1302    1302.1685 0.048870  5.750e8  
OI1039    1039.2304 0.009197  1.888E8   
OI1026a   1026.4757 0.002460  5.303E7
OI1026b   1025.762  0.020300  1.007E8
OI989a     988.7734 0.043180  2.394E8  
OI989b     988.6549 0.007712  2.388E8  
OI989c     988.5778 0.0005146 2.384E8  
OI976      976.4481 0.003300  8.010e7  
OI972      971.738  0.014800  6.600e7
OI951      950.8846 1.571e-3  3.876e7  
OI949      948.6855 6.446e-3  2.900e7
OI938      937.8405 8.722e-4  1.102e7  
OI937      936.6295 3.735e-3  1.704e7
OI*1305   1304.8576 0.04877   5.750e8  
OI**1306  1306.0286 0.04873   5.750e8  
OVI1032   1031.927  0.132900  4.163e8  
OVI1038   1037.616  0.066090  4.095e8  
NaI3303   3303.320  0.013400  2.000E8
NaI3304   3303.930  0.006700  2.000E8
MgI2853   2852.964  1.810000  4.950e8
MgI2026   2026.477  0.112000  1.200e8
MgI1748   1747.7937 0.009343  6.800e6
MgI1707   1707.061  0.004142  3.160e6
MgII2796  2796.352  0.6123    2.612e8  
MgII2803  2803.531  0.3054    2.592e8  
MgII1240  1240.3947 0.0001337 5.796e5  
MgII1240  1239.9253 0.0002675 5.802e5  
AlI3083   3083.048  0.177427  2.000E8
AlI2367   2367.0530 0.1211    7.204e7
AlII1671  1670.787  1.880000  1.460e9
AlIII1863 1862.790  0.268000  2.000E8
AlIII1855 1854.716  0.539000  2.000E8
SiI2515   2515.073  0.162000  2.000E8
SiI1846   1845.520  0.229000  1.496e8   
SiII1808  1808.0126 0.00208   6.749e6
SiII1527  1526.707  0.230300  1.960E9   	
SiII1304  1304.370  0.147300  1.720E9   	
SiII1260  1260.422  1.007000  2.533E9   
SiII1193  1193.290  0.499100  3.495e9   
SiII1190  1190.416  0.250200  3.503E9   	 
SiII1021  1020.699  0.028280  6.680e8   
SiII990    989.873  0.133000  6.673e8   
SiII*1533 1533.431  0.229300  1.960E9   	 
SiII*1265 1265.002  0.100400  2.533E9   
SiII*1265 1264.738  0.903400  2.512E9   
SiII*1197 1197.394  0.124300  3.495e9   
SiII*1195 1194.500  0.623300  3.503E9   
SiIII1207 1206.500  1.660000  2.590e9
SiIV1394  1393.755  0.528000  9.200e8
SiIV1403  1402.770  0.262000  9.030e8
PII1302   1301.874  0.017250  2.263E7   
PII1153   1152.818  0.236100  3.950E8   
PII964     963.801  1.458000  3.490E9   
PII961     961.041  0.348900  8.400E8   
PIII1335  1334.813  0.025290  5.659E7   
PIII998    998.000  0.111700  2.220E9   
PIII917    917.118  0.404900  4.792E9   
PIII914    913.968  0.203100  4.804E9   
PIV951     950.657  1.163     2.860e9  
PV1128    1128.008  0.2345    1.229e9  
PV1118    1117.977  0.4732    1.263e9  
SI1807    1807.3113 0.1105    6.700e8   
SI1296    1295.6531 0.1233    4.900e8  
SII1260   1259.519  0.01624   4.560e7  
SII1254   1253.811  0.01088   4.620e7  
SII1251   1250.584  0.005453  5.260e7  
SIII1190  1190.208  0.02217   6.232e7  
SIII1013  1012.502  0.03550   2.281e8  
SIV1063   1062.662  0.03999   1.410e8  
SVI945     944.523  0.2181    1.631e9  
SVI933     933.378  0.4414    1.690e9  
ArI1067   1066.660  0.06652   1.300e8  
ArI1048   1048.2199 0.2441    4.940e8   
CaII3970  3969.591  0.3145    1.414e8  
TiII3385  3384.740  0.3401    1.730e8  
TiII3074  3073.877  0.1091    2.500e8  
TiII3067  3067.245  0.04655   2.500e8  
TiIII1299 1298.697  0.09057   6.266e8   
MnII2606  2606.462  0.1927    2.648e8  
MnII2594  2594.499  0.2710    2.685e8  
MnII2577  2576.877  0.3508    2.741e8  
MnII1201  1201.118  0.08809   5.702e8  
MnII1199  1199.391  0.1059    4.911e8  
MnII1197  1197.184  0.1566    5.670e8  
FeI3721   3720.993  0.041190  2.000E8    
FeI2502   2501.886  0.049600  2.000E8  
FeI2484   2484.021  0.557000  2.000E8  
FeI2463   2463.392  0.053200  2.000E8  
FeI2167   2167.453  0.150000  2.000E8  
FeII2600  2600.1729 0.22390   2.700e8
FeII2587  2586.650  0.064570  2.720E8  
FeII2383  2382.765  0.3006    3.100E8  
FeII2374  2374.4612 0.02818   2.990E8   
FeII2368  2367.5905 0.00016   2.379e5     
FeII2344  2344.214  0.109700  2.680e8      
FeII226?  2260.7805 0.00244   4.849e6
FeII1611  1611.2005 0.001345  7.141e5
FeII1608  1608.4449 0.055450  1.996e8
FeII1261  1260.533  0.025000  1.312E8   
FeII1145  1144.9379 0.10500   4.450E8  
FeII1143  1143.226  0.013310  6.790e7  
FeII1142  1142.3656 0.00500   3.195e7  
FeII1134  1133.665  0.006000  2.000E8  
FeII1127  1127.098  0.003000  2.000E8  
FeII1125  1125.448  0.010990  2.000E8  
FeII1122  1121.975  0.020000  2.000E8  
FeII1106  1106.3596 0.001500  2.000E8  
FeII1097  1096.8769 0.032000  2.000E8  
FeII1083  1083.4204 0.004060  2.000E8  
FeII1082  1081.8748 0.014000  2.000E8  
FeII1064  1063.9718 0.004500  3.313e7  
FeII1063  1063.176  0.060000  3.539E8  
FeII1062  1062.152  0.003800  2.248e7  
FeII1055  1055.2617 0.00800   5.989e7  
FeIII1123 1122.526  0.078840  5.366e8   
CoII2026  2026.407  0.060500  9.828e7   
CoII2012  2012.161  0.04664   7.684e7         
CoII1548  1547.946  0.02453   5.588e7   
NiI2321   2320.744  0.685100  6.942E8   
NiI2312   2311.669  0.376500  4.700E8   
NiII1752  1751.910  0.063800  1.040E8
NiII1710  1709.600  0.068840  1.571E8    
NiII1742  1741.549  0.103500  2.276E8    
NiII1703  1703.405  0.012240  4.221E7            
NiII1393  1393.324  0.022220  7.636E7       
ZnII2026  2026.136  0.515000  4.184e8     
CIII1908  1908.734  0.4       0.0
OIII      4958.911  0.4       0.0
OIII      5006.843  0.4       0.0
H$\alpha$  6562.8  0.695800  6.465E7
H$\beta$   4861.33  0.121800  2.062E7
H$\gamma$  4340.47  0.044370  9.425E6
H$\delta$  4101.76  0.4       0.4
H$\epsilon$ 3970.07 0.4       0.4
H8          3889.05 0.4       0.4
H9         3835.39  0.4       0.4
H10         3797.90 0.4       0.4
H11        3770.63  0.4       0.4
OIIair?    1478.1351 0.4       0.4
NeIII      3869.76  0.4       0.4
OII3726    3726.03  0.4       0.4
[NII]6583  6583.460 0.4       0.4
[NII]6548  6548.050 0.4       0.4
[SII]6716  6716.440 0.4       0.4